600 15.05541506
700 9.48323769662
800 5.97338544649
900 3.762568738
1000 2.37
1100 1.49283651439
1200 0.940321037428
1300 0.592297713048
1400 0.373081710308
1500 0.235
1600 0.171020524295
1700 0.124459658426
1800 0.0905751320752
1900 0.0659157726621
2000 0.04797
2100 0.0346259219292
2200 0.024993839263
2300 0.0180411658751
2400 0.013022555787
2500 0.0094
2600 0.00744010137688
2700 0.0058888413296
2800 0.00466101877496
2900 0.00368919704311
3000 0.00292
3100 0.00230464357759
3200 0.00181896644512
3300 0.00143564018342
3400 0.00113309552345
3500 0.000894308671545
3600 0.000705843402829
3700 0.0005570950223
3800 0.000439693652484
3900 0.000347033271338
4000 0.0002739
