1000 0.4254
1050 0.329414568518
1100 0.255086878119
1150 0.197530168994
1200 0.152960308859
1250 0.118447000806
1300 0.0917211275572
1350 0.0710255657222
1400 0.0549996616975
1450 0.0425897739226
1500 0.03298
1550 0.0265887719053
1600 0.0214361064716
1650 0.0172819813679
1700 0.0139328884373
1750 0.0112328196678
1800 0.009056
1850 0.00742073897234
1900 0.00608076047876
1950 0.00498274472904
2000 0.004083
2050 0.00338109615881
2100 0.00279985580091
2150 0.00231853580545
2200 0.00191995897768
2250 0.00158990103466
2300 0.00131658297359
2350 0.00109025070653
2400 0.000902826959582
2450 0.000747623013742
2500 0.0006191
2550 0.00051643641894
2600 0.000430797245692
2650 0.000359359371433
2700 0.000299767835399
2750 0.000250058193227
2800 0.000208591758741
2850 0.000174001584405
2900 0.000145147399677
