600 7.52770753002
700 4.74161884831
800 2.98669272324
900 1.881284369
1000 1.185
1100 0.746418257196
1200 0.470160518714
1300 0.296148856524
1400 0.186540855154
1500 0.1175
1600 0.0855102621476
1700 0.0622298292132
1800 0.0452875660376
1900 0.0329578863311
2000 0.023985
2100 0.0173129609646
2200 0.0124969196315
2300 0.00902058293757
2400 0.00651127789351
2500 0.0047
2600 0.00372005068844
2700 0.0029444206648
2800 0.00233050938748
2900 0.00184459852155
3000 0.00146
3100 0.0011523217888
3200 0.000909483222559
3300 0.000717820091712
3400 0.000566547761723
3500 0.000447154335772
3600 0.000352921701415
3700 0.00027854751115
3800 0.000219846826242
3900 0.000173516635669
4000 0.00013695
