1000 0.2137
1050 0.16553398564
1100 0.12822414788
1150 0.0993236043699
1200 0.0769369775362
1250 0.0595960904758
1300 0.0461636798551
1350 0.0357588110352
1400 0.027699103942
1450 0.0214559806934
1500 0.01662
1550 0.0133968938082
1600 0.0107988425817
1650 0.00870462980258
1700 0.0070165463962
1750 0.00565583194767
1800 0.004559
1850 0.0037227650783
1900 0.0030399166107
1950 0.0024823196752
2000 0.002027
2050 0.0016861077006
2100 0.00140254522843
2150 0.00116667109527
2200 0.000970465277651
2250 0.000807256525809
2300 0.000671495532575
2350 0.000558566249825
2400 0.000464628936915
2450 0.000386489604566
2500 0.000321491415126
2550 0.000267424346681
2600 0.000222450049466
2650 0.000185039339617
2700 0.000153920204955
2750 0.000128034554935
2800 0.000106502244212
2850 8.85911465703e-05
2900 7.36922616859e-05
